119 7 4 6 11 1 1 1 3 2 2 2
48 59 20 0 0 0 1 0 0 0 0 0
0 0 2 1 0 2 4 5 4 0 1 1
0 0 0 13 0 0 0 0 0 0 0 0
7 1 0 0 0 1 0 0 0 0 0 0
2 0 0 0 0 3 0 0 0 1 1 0
4 0 2 0 1 0 0 0 0 0 0 0
5 0 0 0 0 0 1 0 0 0 0 0
3 1 0 0 1 0 0 0 0 0 0 0
1 0 0 0 1 0 0 0 0 0 2 0
2 0 0 0 0 0 0 0 0 1 0 0
0 0 0 0 1 1 0 0 0 0 0 0
0 0 0 0 0 1 0 0 0 1 0 0
0 0 0 0 1 1 0 0 0 0 0 0
0 0 0 0 0 0 0 0 0 1 0 1
0 0 0 0 1 0 0 0 0 0 0 0
0 0 0 0 0 0 0 0 0 0 0 1
0 1 0 0 0 0 0 0 0 0 0 0
1 0 0 0 0 0 0 0 0 0 0 0
1 0 0 0 0 0 0 0 0 0 0 0
0 0 0 1 0 0 0 0 0 0 0 0
0 0 0 0 0 0 0 1 0 0 0 0
