569215 29715 737 3736 871 130 283 117 8 197 101 142
25644 42 0 1319 0 0 0 0 0 0 0 0
15205 0 628 151 0 0 0 0 0 0 0 0
2714 0 5391 0 0 0 0 84 0 0 0 8
4118 0 0 2417 84 0 259 0 0 0 0 0
0 4105 804 0 0 0 0 0 0 0 0 0
0 0 2375 0 105 13 17 101 398 219 13 0
1977 0 0 0 377 0 0 0 0 0 0 0
2011 0 0 0 0 0 0 0 0 0 0 0
917 603 0 0 0 0 201 0 0 0 0 0
1470 0 0 0 0 0 0 0 0 0 0 5
0 0 0 1257 0 0 0 0 0 0 0 0
113 151 0 0 0 0 0 289 0 0 0 0
0 0 0 0 0 327 0 0 0 0 0 0
0 0 0 0 0 302 0 0 0 0 0 0
168 0 0 0 0 0 0 0 0 0 0 0
0 0 0 0 0 0 0 0 0 0 101 13
0 0 17 0 0 0 0 0 0 0 0 34
0 0 0 0 0 0 0 0 0 0 50 0
0 0 0 0 0 0 0 0 50 0 0 0
0 34 0 0 0 0 0 0 0 0 0 0
0 8 4 0 0 0 0 0 0 0 0 0
